var1,var2,var3,var4
0x7fa823c89600,2000,0x7fa8258cac00,2001
0x7fa823c89600,2000,0x7fa8258cac00,2001
0x7fa82407ea00,2000,0x7fa82435f400,2001
